10289.961979459053
10302.862949164286
10360.913690633204
10114.364122498533
9907.91735483144
10014.531736625338
9279.51619559212
10228.836686166067
10224.444207712071
10022.111492721995
9281.178261086701
9427.916360088197
10020.647793443062
10100.23325403308
10240.697057557527
10234.541588901624
10299.02490172646
10181.683276885455
10030.449341585163
9979.432274601391
10284.526631739836
9772.064622247352
8857.518075665506
8939.006706487784
8988.371000458506
9005.209698160385
8986.88458188134
9023.221676156465
8973.60724138556
8966.552961973155
8950.26153891944
8915.47277599733
9113.270448909981
9795.772031501221
9269.080037233387
9170.99828455583
9367.33657059936
